40059
35054
19645
35092
33574
19257
19865
28668
49641
25509
44206
26366
22109
29229
49610
43126
23739
32001
22405
46343
30001
24175
48512
45992
21227
43767
20865
43072
25570
32963
19492
42663
42944
20239
49975
47145
32330
32063
34888
34683
43182
18140
34833
26745
30521
46682
35367
39928
44565
22127
43196
48262
30652
44868
32643
37197
25887
44546
29733
40643
26809
49135
31361
36746
19749
17688
44371
18655
40787
31866
47432
40078
37802
35837
29439
28412
34915
28470
33836
48410
35765
47654
29252
37597
35154
29432
30554
43060
38430
18744
23117
36380
33312
32158
32779
25923
32989
46269
35396
42911
